it,ground_truth,pred,mse
0,0.119235384740485,-0.38830238580703735,0.25759458853234946
10,0.119235384740485,-0.2746320962905884,0.15513159261376294
20,0.119235384740485,-0.17233005166053772,0.08501040370371883
30,0.119235384740485,-0.08167301118373871,0.04036418355284463
40,0.119235384740485,-0.005518242716789246,0.015563467563748372
50,0.119235384740485,0.05641862750053406,0.00394594499014293
60,0.119235384740485,0.10291269421577454,0.00026643022596547296
70,0.119235384740485,0.13143901526927948,0.00014892859808332448
80,0.119235384740485,0.14066088199615479,0.00045905193265271323
90,0.119235384740485,0.14036238193511963,0.0004463500104620992
100,0.119235384740485,0.13652923703193665,0.0002990773270785471
110,0.119235384740485,0.1336141973733902,0.0002067502527321939
120,0.119235384740485,0.1330679953098297,0.00019134111516314685
130,0.119235384740485,0.13128434121608734,0.00014517735215095943
140,0.119235384740485,0.1312897503376007,0.0001453077299489266
150,0.119235384740485,0.12525813281536102,3.627349437342276e-05
160,0.119235384740485,0.1174916923046112,3.0404633109235074e-06
170,0.119235384740485,0.11440674960613251,2.3315717260703376e-05
180,0.119235384740485,0.12075823545455933,2.3190742973566655e-06
190,0.119235384740485,0.12451069056987762,2.782885159362374e-05
200,0.119235384740485,0.1221490353345871,8.489359784511467e-06
210,0.119235384740485,0.1221761554479599,8.648132353942385e-06
220,0.119235384740485,0.12714235484600067,6.25201762495184e-05
230,0.119235384740485,0.12385882437229156,2.1376194028959566e-05
240,0.119235384740485,0.1266688108444214,5.5255823642682796e-05
250,0.119235384740485,0.13058783113956451,0.00012887803924397327
260,0.119235384740485,0.12239678204059601,9.994432889149133e-06
270,0.119235384740485,0.1317508965730667,0.00015663803643149266
280,0.119235384740485,0.12807467579841614,7.813306640682126e-05
290,0.119235384740485,0.1279280036687851,7.556162383264098e-05
300,0.119235384740485,0.12231718003749847,9.497462252694327e-06
310,0.119235384740485,0.12812010943889618,7.89383329665575e-05
320,0.119235384740485,0.12769299745559692,7.153121283882278e-05
330,0.119235384740485,0.12771563231945038,7.191459900054806e-05
340,0.119235384740485,0.12402428686618805,2.293358356956312e-05
350,0.119235384740485,0.12127761542797089,4.170706180909049e-06
360,0.119235384740485,0.12362021207809448,1.9226710780647405e-05
370,0.119235384740485,0.11984962224960327,3.772877176078107e-07
380,0.119235384740485,0.12289190292358398,1.3370125223333451e-05
390,0.119235384740485,0.12179875373840332,6.57086061948874e-06
400,0.119235384740485,0.12230022251605988,9.393230590590711e-06
410,0.119235384740485,0.12241587042808533,1.0115489209030484e-05
420,0.119235384740485,0.12004406750202179,6.539678088067576e-07
430,0.119235384740485,0.12000353634357452,5.900568853289956e-07
440,0.119235384740485,0.11965140700340271,1.7307452324316682e-07
450,0.119235384740485,0.1215590089559555,5.3992294947208915e-06
460,0.119235384740485,0.12164048850536346,5.784524119832533e-06
470,0.119235384740485,0.12082462012767792,2.5256691159062017e-06
480,0.119235384740485,0.11974884569644928,2.6364215329974545e-07
490,0.119235384740485,0.1209191083908081,2.8349253306573415e-06
500,0.119235384740485,0.12084577977657318,2.5933721722574335e-06
510,0.119235384740485,0.12200836837291718,7.689438225736705e-06
520,0.119235384740485,0.12344294786453247,1.7703587442844057e-05
530,0.119235384740485,0.12050515413284302,1.6123143097692327e-06
540,0.119235384740485,0.11984649300575256,3.734533118783228e-07
550,0.119235384740485,0.12082095444202423,2.5140312784391855e-06
560,0.119235384740485,0.12106738984584808,3.356242706076379e-06
570,0.119235384740485,0.12334069609642029,1.685358132917118e-05
580,0.119235384740485,0.12221680581569672,8.888871627716549e-06
590,0.119235384740485,0.12116548418998718,3.7252838849686035e-06
600,0.119235384740485,0.12298408150672913,1.4052727445249119e-05
610,0.119235384740485,0.12186263501644135,6.902444012512658e-06
620,0.119235384740485,0.12153571844100952,5.291535133768809e-06
630,0.119235384740485,0.12170197069644928,6.084046278160188e-06
640,0.119235384740485,0.12129281461238861,4.233017677801282e-06
650,0.119235384740485,0.1202424019575119,1.0140836753885934e-06
660,0.119235384740485,0.1224391758441925,1.0264277436195311e-05
670,0.119235384740485,0.12111970782279968,3.550673478543882e-06
680,0.119235384740485,0.1221211701631546,8.327757505692336e-06
690,0.119235384740485,0.12038891017436981,1.330620926619129e-06
700,0.119235384740485,0.12196938693523407,7.474768000892696e-06
710,0.119235384740485,0.12213912606239319,8.431713664557076e-06
720,0.119235384740485,0.12106993794441223,3.3655854580396462e-06
730,0.119235384740485,0.12086109817028046,2.642944155817286e-06
740,0.119235384740485,0.12220130860805511,8.79670438822203e-06
750,0.119235384740485,0.1231956034898758,1.5683332543026328e-05
760,0.119235384740485,0.12148290872573853,5.05136406428986e-06
770,0.119235384740485,0.1219787448644638,7.526024769836975e-06
780,0.119235384740485,0.12297278642654419,1.3968171362958024e-05
790,0.119235384740485,0.12153434753417969,5.285229926792453e-06
800,0.119235384740485,0.12257556617259979,1.1156811999444383e-05
810,0.119235384740485,0.12200990319252014,7.697952640683443e-06
820,0.119235384740485,0.12235522270202637,9.733388906274553e-06
830,0.119235384740485,0.12112671136856079,3.577116414068517e-06
840,0.119235384740485,0.12361346185207367,1.916755919501653e-05
850,0.119235384740485,0.12140177190303802,4.693233338074518e-06
860,0.119235384740485,0.12286083400249481,1.3143882351407445e-05
870,0.119235384740485,0.12228924036026001,9.32603414643137e-06
880,0.119235384740485,0.12168978154659271,6.024063681831708e-06
890,0.119235384740485,0.12229229509830475,9.344700935745624e-06
900,0.119235384740485,0.12169882655143738,6.0685455559483e-06
910,0.119235384740485,0.1207757443189621,2.3727076310061207e-06
920,0.119235384740485,0.1211543083190918,3.682267700533091e-06
930,0.119235384740485,0.12122242152690887,3.948315190601693e-06
940,0.119235384740485,0.12060917913913727,1.887311049768329e-06
950,0.119235384740485,0.12084218859672546,2.5818186324292045e-06
960,0.119235384740485,0.12057767808437347,1.801751421047284e-06
970,0.119235384740485,0.122016042470932,7.732057413894663e-06
980,0.119235384740485,0.1207306832075119,2.2359175054929833e-06
990,0.119235384740485,0.1209208071231842,2.8406486081034406e-06
1000,0.119235384740485,0.12164513766765594,5.806909170008906e-06
1010,0.119235384740485,0.12135317921638489,4.4850534421520525e-06
1020,0.119235384740485,0.1225242018699646,1.0816318111158391e-05
1030,0.119235384740485,0.12289449572563171,1.3389093201621307e-05
1040,0.119235384740485,0.1228301078081131,1.2922033932937517e-05
1050,0.119235384740485,0.12227046489715576,9.211711557416576e-06
1060,0.119235384740485,0.12114039063453674,3.629047456371857e-06
1070,0.119235384740485,0.12060219049453735,1.868157969310605e-06
1080,0.119235384740485,0.12173096835613251,6.2279375826882535e-06
1090,0.119235384740485,0.12213382124900818,8.400934193939997e-06
1100,0.119235384740485,0.12249526381492615,1.062681157997923e-05
1110,0.119235384740485,0.12069705128669739,2.136469092316431e-06
1120,0.119235384740485,0.12194831669330597,7.359999780636962e-06
1130,0.119235384740485,0.12068311870098114,2.0959336203738207e-06
1140,0.119235384740485,0.12241613864898682,1.011719542644954e-05
1150,0.119235384740485,0.12239028513431549,9.953396494991744e-06
1160,0.119235384740485,0.12081719934940338,2.5021374569875914e-06
1170,0.119235384740485,0.1221153736114502,8.294335896883344e-06
1180,0.119235384740485,0.12191656231880188,7.1887132064691336e-06
1190,0.119235384740485,0.1215643584728241,5.4241186459254725e-06
1200,0.119235384740485,0.12078875303268433,2.412953051210231e-06
1210,0.119235384740485,0.12305763363838196,1.460958663747446e-05
1220,0.119235384740485,0.12069334089756012,2.1256361559532322e-06
1230,0.119235384740485,0.120192751288414,9.165507070934807e-07
1240,0.119235384740485,0.12256300449371338,1.1073053222075654e-05
1250,0.119235384740485,0.11982178688049316,3.438674698061469e-07
1260,0.119235384740485,0.12260213494300842,1.1335006926191465e-05
1270,0.119235384740485,0.12175571918487549,6.352085711581079e-06
1280,0.119235384740485,0.11907553672790527,2.5551387125690487e-08
1290,0.119235384740485,0.12064619362354279,1.9903817045147383e-06
1300,0.119235384740485,0.12026965618133545,1.0697174133588509e-06
1310,0.119235384740485,0.12025490403175354,1.039419585268693e-06
1320,0.119235384740485,0.12164342403411865,5.798653239683628e-06
1330,0.119235384740485,0.12117312848567963,3.7548508220408723e-06
1340,0.119235384740485,0.1221255511045456,8.353061611947192e-06
1350,0.119235384740485,0.12183055281639099,6.734897342201571e-06
1360,0.119235384740485,0.12262047827243805,1.1458858220070327e-05
1370,0.119235384740485,0.12133729457855225,4.418024967363849e-06
1380,0.119235384740485,0.12202697992324829,7.793003664427177e-06
1390,0.119235384740485,0.12117303907871246,3.754504334451684e-06
1400,0.119235384740485,0.12073434889316559,2.246893531021415e-06
1410,0.119235384740485,0.11854635179042816,4.7476640626403843e-07
1420,0.119235384740485,0.12254641950130463,1.0962951187355839e-05
1430,0.119235384740485,0.11874493956565857,2.4053646951053446e-07
1440,0.119235384740485,0.12081983685493469,2.5104885029840807e-06
1450,0.119235384740485,0.1215575784444809,5.392583598878149e-06
1460,0.119235384740485,0.12042678892612457,1.4194439335594781e-06
1470,0.119235384740485,0.11979737877845764,3.1583729871678765e-07
1480,0.119235384740485,0.11892297863960266,9.759757186851012e-08
1490,0.119235384740485,0.12060260772705078,1.8692986949938368e-06
1500,0.119235384740485,0.11939917504787445,2.6827264794728627e-08
1510,0.119235384740485,0.11998672783374786,5.645164437937987e-07
1520,0.119235384740485,0.1211157739162445,3.535863452313493e-06
1530,0.119235384740485,0.12076354026794434,2.3352593161045015e-06
1540,0.119235384740485,0.11921446025371552,4.3783414656661746e-10
1550,0.119235384740485,0.11899568140506744,5.745768901030453e-08
1560,0.119235384740485,0.12034048140048981,1.221238627953766e-06
1570,0.119235384740485,0.12086138129234314,2.643864786654539e-06
1580,0.119235384740485,0.11912596225738525,1.1973279807715634e-08
1590,0.119235384740485,0.12017171084880829,8.767065811278226e-07
1600,0.119235384740485,0.11799439787864685,1.540048391254914e-06
1610,0.119235384740485,0.11891263723373413,1.0416595311390649e-07
1620,0.119235384740485,0.12075228989124298,2.3010012363960734e-06
1630,0.119235384740485,0.1171795129776001,4.226608705427503e-06
1640,0.119235384740485,0.11847519874572754,5.778827466254002e-07
1650,0.119235384740485,0.12064479291439056,1.986431400671798e-06
1660,0.119235384740485,0.11990660429000854,4.505356836625819e-07
1670,0.119235384740485,0.11842773854732513,6.522923733256336e-07
1680,0.119235384740485,0.11982055008411407,3.4241847938452554e-07
1690,0.119235384740485,0.12019363045692444,9.182348530745203e-07
1700,0.119235384740485,0.11776456236839294,2.1633184502465204e-06
1710,0.119235384740485,0.11961829662322998,1.4662150994730073e-07
1720,0.119235384740485,0.11889007687568665,1.1923752149160313e-07
1730,0.119235384740485,0.1190900057554245,2.1135049297223103e-08
1740,0.119235384740485,0.1189841628074646,6.311245963050978e-08
1750,0.119235384740485,0.12072011828422546,2.2044336959080968e-06
1760,0.119235384740485,0.11771443486213684,2.3132885324472997e-06
1770,0.119235384740485,0.12109413743019104,3.4549615614894145e-06
1780,0.119235384740485,0.11883078515529633,1.6370082433485255e-07
1790,0.119235384740485,0.11848530173301697,5.626245180922978e-07
1800,0.119235384740485,0.11900897324085236,5.12621671659057e-08
1810,0.119235384740485,0.11856961250305176,4.43252672136874e-07
1820,0.119235384740485,0.11812138557434082,1.2409941421699421e-06
1830,0.119235384740485,0.1192527711391449,3.0228685836065957e-10
1840,0.119235384740485,0.12045708298683167,1.4925466051265009e-06
1850,0.119235384740485,0.12124910950660706,4.0550874336933015e-06
1860,0.119235384740485,0.11796507239341736,1.6136934591125167e-06
1870,0.119235384740485,0.11841164529323578,6.785466769544632e-07
1880,0.119235384740485,0.11779029667377472,2.0882795205484757e-06
1890,0.119235384740485,0.11809042096138,1.310942055462407e-06
1900,0.119235384740485,0.11895161867141724,8.052318195417448e-08
1910,0.119235384740485,0.12039141356945038,1.3364026533990493e-06
1920,0.119235384740485,0.11897361278533936,6.852455650077671e-08
1930,0.119235384740485,0.11934402585029602,1.1802890740968813e-08
1940,0.119235384740485,0.11819183826446533,1.0889892476130809e-06
1950,0.119235384740485,0.11954420804977417,9.537183636031031e-08
1960,0.119235384740485,0.11876887083053589,2.176352281760136e-07
1970,0.119235384740485,0.11831027269363403,8.558322992287973e-07
1980,0.119235384740485,0.11777083575725555,2.1449037242784226e-06
1990,0.119235384740485,0.11814276874065399,1.193809723086728e-06
